 age/yr       logL   logTef grav   logTc  logrho Xc,Yc Xc_C    Xc_O    Q_conv Q_disc  logL_H Q1_H  Q2_H    logL_He Q1_He Q2_He  logL_C logL_nu Q_Tmax stage
 0.00000E+00  0.749  3.876  4.315  7.280  1.945  0.705 1.09E-5 1.27E-2 0.1638 0.2257  0.749 0.0000 0.4807  0.000 0.0000 0.0000  0.000  0.000  0.0000  M=  1.50                
 4.95132E+06  0.749  3.875  4.309  7.279  1.941  0.700 1.07E-5 1.26E-2 0.1670 0.3470  0.750 0.0000 0.4944  0.000 0.0000 0.0000  0.000  0.000  0.0000          
 1.95516E+08  0.769  3.874  4.288  7.285  1.953  0.667 1.14E-5 1.18E-2 0.1628 0.5584  0.769 0.0000 0.5206  0.000 0.0000 0.0000  0.000  0.000  0.0000  Te-M    
 5.51456E+08  0.803  3.872  4.244  7.298  1.974  0.599 1.61E-5 9.84E-3 0.1660 0.6608  0.804 0.0000 0.5077  0.000 0.0000 0.0000  0.000  0.000  0.0000          
 1.00654E+09  0.842  3.860  4.160  7.310  1.988  0.500 2.95E-5 7.06E-3 0.1638 0.6993  0.842 0.0000 0.4807  0.000 0.0000 0.0000  0.000  0.000  0.0000          
 1.38338E+09  0.873  3.845  4.066  7.321  2.003  0.398 4.43E-5 4.96E-3 0.1521 0.7135  0.874 0.0000 0.4300  0.000 0.0000 0.0000  0.000  0.000  0.0000          
 1.69329E+09  0.896  3.829  3.982  7.332  2.026  0.300 5.68E-5 3.55E-3 0.1370 0.7204  0.896 0.0000 0.3912  0.000 0.0000 0.0000  0.000  0.000  0.0000          
 1.94698E+09  0.909  3.814  3.906  7.346  2.063  0.198 6.81E-5 2.55E-3 0.1188 0.7204  0.909 0.0000 0.3354  0.000 0.0000 0.0000  0.000  0.000  0.0000          
 2.15463E+09  0.911  3.799  3.846  7.365  2.125  0.099 7.92E-5 1.87E-3 0.0996 0.7204  0.912 0.0000 0.2896  0.000 0.0000 0.0000  0.000  0.000  0.0000          
 2.24317E+09  0.915  3.794  3.821  7.382  2.180  0.049 8.67E-5 1.62E-3 0.0891 0.7204  0.916 0.0000 0.2645  0.000 0.0000 0.0000  0.000  0.000  0.0000          
 2.27233E+09  0.922  3.793  3.812  7.392  2.213  0.032 9.10E-5 1.53E-3 0.0855 0.7204  0.921 0.0000 0.2573  0.000 0.0000 0.0000  0.000  0.000  0.0000  Te-m    
 2.30574E+09  0.950  3.796  3.795  7.419  2.295  0.010 1.02E-4 1.43E-3 0.0809 0.7204  0.946 0.0000 0.2817  0.000 0.0000 0.0000  0.000  0.000  0.0000          
 2.31832E+09  1.029  3.810  3.771  7.467  2.466  0.001 1.22E-4 1.38E-3 0.0692 0.7204  0.983 0.0000 0.4223  0.000 0.0000 0.0000  0.000  0.000  0.0000          
 2.31953E+09  1.070  3.816  3.754  7.486  2.622  0.000 1.31E-4 1.38E-3 0.0425 0.7204  0.985 0.0000 0.4667  0.000 0.0000 0.0000  0.000  0.000  0.0000          
 2.31966E+09  1.074  3.816  3.753  7.486  2.646  0.000 1.31E-4 1.38E-3 0.0369 0.7204  0.995 0.0000 0.4667  0.000 0.0000 0.0000  0.000  0.000  0.0000  Te-h    
 2.32036E+09  1.035  3.813  3.776  7.432  2.900  0.000 1.33E-4 1.38E-3 0.0000 0.7204  1.102 0.0000 0.4523  0.000 0.0000 0.0000  0.000  0.000  0.0000  Xc=0    
 2.32286E+09  1.044  3.796  3.703  7.401  3.161  0.982 1.33E-4 1.38E-3 0.0000 0.7204  1.068 0.0105 0.3354  0.000 0.0000 0.0000  0.000  0.000  0.0000          
 2.33293E+09  1.030  3.782  3.658  7.393  3.428  0.982 1.33E-4 1.38E-3 0.0000 0.7204  1.038 0.0356 0.2726  0.000 0.0000 0.0000  0.000  0.000  0.0000          
 2.34469E+09  0.995  3.769  3.641  7.422  3.639  0.982 1.33E-4 1.38E-3 0.0000 0.7204  1.007 0.0595 0.2353  0.000 0.0000 0.0000  0.000  0.000  0.0000          
 2.35234E+09  0.952  3.758  3.640  7.457  3.793  0.982 1.33E-4 1.38E-3 0.0000 0.7204  0.970 0.0710 0.2051  0.000 0.0000 0.0000  0.000  0.000  0.0000          
 2.35923E+09  0.902  3.746  3.642  7.496  3.944  0.982 1.33E-4 1.38E-3 0.0000 0.7204  0.925 0.0800 0.1785  0.000 0.0000 0.0000  0.000  0.000  0.0000          
 2.36740E+09  0.865  3.732  3.624  7.540  4.122  0.982 1.33E-4 1.38E-3 0.0000 0.7135  0.886 0.0891 0.1508  0.000 0.0000 0.0000  0.000  0.000  0.0000          
 2.36882E+09  0.864  3.730  3.616  7.547  4.152  0.982 1.33E-4 1.38E-3 0.0000 0.7135  0.883 0.0913 0.1484  0.000 0.0000 0.0000  0.000  0.000  0.0000  Brg     
 2.38001E+09  0.917  3.718  3.514  7.586  4.355  0.982 1.33E-4 1.38E-3 0.0000 0.4876  0.924 0.1025 0.1369  0.000 0.0000 0.0000  0.000  0.000  0.0000          
 2.38694E+09  0.980  3.713  3.433  7.602  4.459  0.982 1.33E-4 1.38E-3 0.0000 0.3583  0.983 0.1085 0.1347  0.000 0.0000 0.0000  0.000  0.000  0.0000          
 2.39292E+09  1.042  3.710  3.360  7.612  4.540  0.982 1.33E-4 1.38E-3 0.0000 0.2975  1.043 0.1132 0.1340  0.000 0.0000 0.0000  0.000  0.000  0.0000          
 2.39911E+09  1.108  3.707  3.283  7.621  4.616  0.982 1.33E-4 1.38E-3 0.0000 0.2385  1.107 0.1174 0.1343  0.000 0.0000 0.0000  0.000  0.000  0.0000          
 2.40548E+09  1.178  3.704  3.201  7.628  4.688  0.982 1.33E-4 1.38E-3 0.0000 0.2078  1.176 0.1217 0.1356  0.000 0.0000 0.0000  0.000  0.000  0.0000          
 2.41115E+09  1.240  3.702  3.127  7.634  4.748  0.982 1.33E-4 1.38E-3 0.0000 0.1914  1.239 0.1255 0.1371  0.000 0.0000 0.0000  0.000  0.000  0.0000          
 2.41665E+09  1.303  3.699  3.055  7.640  4.803  0.982 1.33E-4 1.38E-3 0.0000 0.1814  1.302 0.1292 0.1390  0.000 0.0000 0.0000  0.000  0.000  0.0000          
 2.42209E+09  1.365  3.697  2.982  7.645  4.855  0.982 1.33E-4 1.38E-3 0.0000 0.1754  1.362 0.1328 0.1413  0.000 0.0000 0.0000  0.000  0.000  0.0000          
 2.42776E+09  1.428  3.694  2.907  7.650  4.908  0.982 1.33E-4 1.38E-3 0.0000 0.1721  1.425 0.1367 0.1439  0.000 0.0000 0.0000  0.000  0.000  0.0000          
 2.43282E+09  1.488  3.691  2.836  7.655  4.954  0.982 1.33E-4 1.38E-3 0.0000 0.1707  1.485 0.1403 0.1466  0.000 0.0000 0.0000  0.000  0.000  0.0000          
 2.43815E+09  1.548  3.688  2.766  7.661  5.001  0.982 1.33E-4 1.38E-3 0.0000 0.1700  1.545 0.1444 0.1498  0.000 0.0000 0.0000  0.000  0.000  0.0000          
 2.44344E+09  1.607  3.685  2.694  7.666  5.047  0.982 1.33E-4 1.38E-3 0.0000 0.1700  1.605 0.1486 0.1532  0.000 0.0000 0.0000  0.000  0.000  0.0000          
 2.44916E+09  1.667  3.682  2.623  7.672  5.097  0.982 1.33E-4 1.38E-3 0.0000 0.1700  1.664 0.1532 0.1573  0.000 0.0000 0.0000  0.000  0.000  0.0000          
 2.45803E+09  1.708  3.680  2.572  7.682  5.171  0.982 1.33E-4 1.38E-3 0.0000 0.1700  1.702 0.1608 0.1638  0.000 0.0000 0.0000  0.000 -2.292  0.0000  L-M     
 2.46532E+09  1.650  3.684  2.646  7.686  5.227  0.982 1.33E-4 1.38E-3 0.0000 0.1700  1.646 0.1661 0.1684  0.000 0.0000 0.0000  0.000 -2.350  0.0000          
 2.47034E+09  1.613  3.686  2.692  7.685  5.260  0.982 1.33E-4 1.38E-3 0.0000 0.1706  1.608 0.1688 0.1709  0.000 0.0000 0.0000  0.000 -2.387  0.0000  L-m     
 2.47518E+09  1.673  3.683  2.619  7.681  5.287  0.982 1.33E-4 1.38E-3 0.0000 0.1727  1.671 0.1710 0.1729  0.000 0.0000 0.0000  0.000 -2.327  0.0000          
 2.47951E+09  1.731  3.679  2.547  7.677  5.310  0.982 1.33E-4 1.38E-3 0.0000 0.1747  1.730 0.1731 0.1748  0.000 0.0000 0.0000  0.000 -2.269  0.0000          
 2.48408E+09  1.791  3.676  2.474  7.673  5.336  0.982 1.33E-4 1.38E-3 0.0000 0.1772  1.789 0.1757 0.1773  0.000 0.0000 0.0000  0.000 -2.209  0.0000          
 2.48800E+09  1.849  3.672  2.401  7.671  5.358  0.982 1.33E-4 1.38E-3 0.0000 0.1796  1.848 0.1783 0.1798  0.000 0.0000 0.0000  0.000 -2.151  0.0000          
 2.49231E+09  1.913  3.668  2.322  7.670  5.383  0.982 1.33E-4 1.38E-3 0.0000 0.1827  1.911 0.1815 0.1828  0.000 0.0000 0.0000  0.000 -2.088  0.0000          
 2.49588E+09  1.978  3.665  2.242  7.670  5.405  0.982 1.33E-4 1.38E-3 0.0000 0.1857  1.976 0.1846 0.1858  0.000 0.0000 0.0000  0.000 -2.022  0.0000          
 2.49945E+09  2.043  3.661  2.161  7.673  5.430  0.982 1.33E-4 1.38E-3 0.0000 0.1892  2.041 0.1882 0.1893  0.000 0.0000 0.0000  0.000 -1.957  0.0000          
 2.50247E+09  2.105  3.657  2.084  7.676  5.452  0.982 1.33E-4 1.38E-3 0.0000 0.1927  2.103 0.1917 0.1928  0.000 0.0000 0.0000  0.000 -1.895  0.0000          
 2.50507E+09  2.168  3.653  2.005  7.681  5.473  0.982 1.33E-4 1.38E-3 0.0000 0.1961  2.166 0.1952 0.1962  0.000 0.0000 0.0000  0.000 -1.832  0.0000          
 2.50736E+09  2.229  3.649  1.929  7.687  5.493  0.982 1.33E-4 1.38E-3 0.0000 0.1996  2.227 0.1987 0.1997  0.000 0.0000 0.0000  0.000 -1.771  0.0000          
 2.50960E+09  2.294  3.645  1.849  7.694  5.515  0.982 1.33E-4 1.38E-3 0.0000 0.2035  2.292 0.2027 0.2036  0.000 0.0000 0.0000  0.000 -1.706  0.0000          
 2.51153E+09  2.356  3.641  1.769  7.701  5.536  0.982 1.33E-4 1.38E-3 0.0000 0.2075  2.354 0.2067 0.2075  0.000 0.0000 0.0000  0.000 -1.644  0.0000          
 2.51320E+09  2.416  3.637  1.693  7.709  5.556  0.982 1.33E-4 1.38E-3 0.0000 0.2114  2.414 0.2107 0.2115  0.000 0.0000 0.0000  0.000 -1.584  0.0000          
 2.51465E+09  2.476  3.633  1.617  7.717  5.576  0.982 1.33E-4 1.38E-3 0.0000 0.2153  2.474 0.2146 0.2154  0.000 0.0000 0.0000  0.000 -1.524  0.0085          
 2.51607E+09  2.540  3.629  1.536  7.726  5.598  0.982 1.33E-4 1.38E-3 0.0000 0.2197  2.537 0.2190 0.2198  0.000 0.0000 0.0000  0.000 -1.460  0.0199          
 2.51729E+09  2.600  3.625  1.460  7.736  5.619  0.982 1.33E-4 1.38E-3 0.0000 0.2241  2.597 0.2235 0.2242  0.000 0.0000 0.0000  0.000 -1.400  0.0336          
 2.51846E+09  2.663  3.620  1.379  7.746  5.641  0.982 1.33E-4 1.38E-3 0.0000 0.2290  2.660 0.2284 0.2290  0.000 0.0000 0.0000  0.000 -1.337  0.0478          
 2.51947E+09  2.725  3.616  1.299  7.757  5.663  0.982 1.33E-4 1.38E-3 0.0000 0.2338  2.722 0.2333 0.2339  0.000 0.0000 0.0000  0.000 -1.275  0.0579          
 2.52051E+09  2.795  3.611  1.208  7.769  5.689  0.982 1.33E-4 1.38E-3 0.0000 0.2396  2.792 0.2392 0.2397  0.000 0.0000 0.0000  0.000 -1.205  0.0741          
 2.52140E+09  2.856  3.605  1.126  7.781  5.713  0.982 1.33E-4 1.38E-3 0.0000 0.2454  2.854 0.2450 0.2455  0.000 0.0000 0.0000  0.000 -1.144  0.0869          
 2.52205E+09  2.915  3.600  1.046  7.792  5.734  0.982 1.33E-4 1.38E-3 0.0000 0.2502  2.913 0.2498 0.2503  0.000 0.0000 0.0000  0.000 -1.085  0.0939          
 2.52278E+09  2.977  3.596  0.967  7.804  5.759  0.982 1.33E-4 1.38E-3 0.0000 0.2565  2.974 0.2561 0.2565  0.000 0.0000 0.0000  0.000 -1.023  0.1039          
 2.52341E+09  3.037  3.590  0.886  7.817  5.784  0.982 1.33E-4 1.38E-3 0.0000 0.2627  3.033 0.2624 0.2628  0.000 0.0000 0.0000  0.000 -0.662  0.1146          
 2.52395E+09  3.095  3.586  0.809  7.829  5.809  0.982 1.33E-4 1.38E-3 0.0000 0.2689  3.086 0.2686 0.2689  0.000 0.0000 0.0000  0.000 -0.604  0.1217          
 2.52448E+09  3.155  3.580  0.727  7.842  5.835  0.982 1.33E-4 1.38E-3 0.0000 0.2756  3.138 0.2753 0.2756  0.000 0.0000 0.0000  0.000 -0.544  0.1265          
 2.52494E+09  3.213  3.576  0.651  7.854  5.860  0.982 1.33E-4 1.38E-3 0.0000 0.2822  3.209 0.2819 0.2823  0.000 0.0000 0.0000  0.000 -0.486  0.1320          
 2.52536E+09  3.272  3.571  0.573  7.867  5.887  0.982 1.33E-4 1.38E-3 0.0000 0.2894  3.253 0.2891 0.2894  0.000 0.0000 0.0000  0.000 -0.427  0.1371          
 2.52577E+09  3.330  3.566  0.497  7.880  5.916  0.982 1.33E-4 1.38E-3 0.0000 0.2971  3.327 0.2968 0.2971  0.000 0.0000 0.1439  0.000 -0.193  0.1439          
 2.52615E+09  3.387  3.561  0.418  7.893  5.944  0.982 1.33E-4 1.38E-3 0.0000 0.3054  3.383 0.3052 0.3054  0.341 0.0000 0.2059  0.000 -0.136  0.1238          
 2.52626E+09  3.401  3.560  0.398  7.890  5.943  0.982 1.33E-4 1.38E-3 0.0000 0.3084  3.395 0.3082 0.3084  3.811 0.0000 0.1091  0.000  0.003  0.0673  F       
