 age/yr       logL   logTef grav   logTc  logrho Xc,Yc Xc_C    Xc_O    Q_conv Q_disc  logL_H Q1_H  Q2_H    logL_He Q1_He Q2_He  logL_C logL_nu Q_Tmax stage
 0.00000E+00  0.872  3.903  4.328  7.296  1.932  0.706 1.17E-5 1.27E-2 0.1744 0.1712  0.868 0.0000 0.4807  0.000 0.0000 0.0000  0.000  0.000  0.0000  M=  1.60                
 1.84557E+07  0.872  3.902  4.323  7.296  1.930  0.700 1.15E-5 1.25E-2 0.1754 0.3354  0.873 0.0000 0.5206  0.000 0.0000 0.0000  0.000  0.000  0.0000          
 4.61239E+08  0.918  3.894  4.247  7.310  1.945  0.599 2.15E-5 8.72E-3 0.1775 0.6460  0.919 0.0000 0.5206  0.000 0.0000 0.0000  0.000  0.000  0.0000          
 8.37444E+08  0.955  3.879  4.151  7.319  1.950  0.500 3.70E-5 6.05E-3 0.1723 0.6920  0.955 0.0000 0.4807  0.000 0.0000 0.0000  0.000  0.000  0.0000          
 1.14766E+09  0.986  3.861  4.046  7.329  1.963  0.398 5.11E-5 4.24E-3 0.1575 0.7065  0.988 0.0000 0.4300  0.000 0.0000 0.0000  0.000  0.000  0.0000          
 1.40193E+09  1.010  3.841  3.943  7.340  1.985  0.300 6.25E-5 3.06E-3 0.1408 0.7135  1.011 0.0000 0.3912  0.000 0.0000 0.0000  0.000  0.000  0.0000          
 1.61031E+09  1.024  3.822  3.852  7.353  2.023  0.198 7.28E-5 2.22E-3 0.1210 0.7135  1.025 0.0000 0.3354  0.000 0.0000 0.0000  0.000  0.000  0.0000          
 1.78085E+09  1.028  3.806  3.783  7.372  2.085  0.099 8.32E-5 1.66E-3 0.1013 0.7135  1.029 0.0000 0.2674  0.000 0.0000 0.0000  0.000  0.000  0.0000          
 1.85345E+09  1.032  3.800  3.755  7.389  2.141  0.049 9.05E-5 1.44E-3 0.0909 0.7135  1.032 0.0000 0.2417  0.000 0.0000 0.0000  0.000  0.000  0.0000          
 1.87537E+09  1.037  3.799  3.746  7.398  2.169  0.034 9.43E-5 1.38E-3 0.0882 0.7135  1.037 0.0000 0.2417  0.000 0.0000 0.0000  0.000  0.000  0.0000  Te-m    
 1.90480E+09  1.067  3.802  3.730  7.427  2.255  0.010 1.06E-4 1.28E-3 0.0828 0.7135  1.062 0.0000 0.2609  0.000 0.0000 0.0000  0.000  0.000  0.0000          
 1.91512E+09  1.145  3.818  3.716  7.476  2.426  0.001 1.26E-4 1.24E-3 0.0710 0.7135  1.097 0.0000 0.4017  0.000 0.0000 0.0000  0.000  0.000  0.0000          
 1.91610E+09  1.185  3.826  3.708  7.495  2.581  0.000 1.36E-4 1.24E-3 0.0418 0.7135  1.096 0.0000 0.4596  0.000 0.0000 0.0000  0.000  0.000  0.0000          
 1.91631E+09  1.190  3.828  3.709  7.492  2.652  0.000 1.37E-4 1.24E-3 0.0223 0.7135  1.136 0.0000 0.4667  0.000 0.0000 0.0000  0.000  0.000  0.0000  Te-h    
 1.91674E+09  1.152  3.822  3.727  7.444  2.850  0.000 1.39E-4 1.24E-3 0.0000 0.7135  1.222 0.0000 0.4523  0.000 0.0000 0.0000  0.000  0.000  0.0000  Xc=0    
 1.91797E+09  1.152  3.806  3.661  7.419  3.061  0.982 1.39E-4 1.24E-3 0.0000 0.7135  1.191 0.0071 0.3804  0.000 0.0000 0.0000  0.000  0.000  0.0000          
 1.92234E+09  1.150  3.790  3.601  7.405  3.299  0.982 1.39E-4 1.24E-3 0.0000 0.7135  1.163 0.0264 0.2817  0.000 0.0000 0.0000  0.000  0.000  0.0000          
 1.93069E+09  1.118  3.776  3.575  7.423  3.530  0.982 1.39E-4 1.24E-3 0.0000 0.7135  1.130 0.0497 0.2417  0.000 0.0000 0.0000  0.000  0.000  0.0000          
 1.93638E+09  1.078  3.765  3.570  7.453  3.682  0.982 1.39E-4 1.24E-3 0.0000 0.7135  1.096 0.0642 0.2133  0.000 0.0000 0.0000  0.000  0.000  0.0000          
 1.94153E+09  1.022  3.753  3.577  7.492  3.835  0.982 1.39E-4 1.24E-3 0.0000 0.7135  1.048 0.0755 0.1858  0.000 0.0000 0.0000  0.000  0.000  0.0000          
 1.94636E+09  0.971  3.740  3.577  7.532  3.985  0.982 1.39E-4 1.24E-3 0.0000 0.7100  1.001 0.0828 0.1575  0.000 0.0000 0.0000  0.000  0.000  0.0000          
 1.95033E+09  0.957  3.730  3.554  7.563  4.103  0.982 1.39E-4 1.24E-3 0.0000 0.6993  0.982 0.0886 0.1458  0.000 0.0000 0.0000  0.000  0.000  0.0000  Brg     
 1.95701E+09  1.004  3.719  3.462  7.602  4.278  0.982 1.39E-4 1.24E-3 0.0000 0.5077  1.015 0.0982 0.1360  0.000 0.0000 0.0000  0.000  0.000  0.0000          
 1.96171E+09  1.067  3.715  3.381  7.623  4.383  0.982 1.39E-4 1.24E-3 0.0000 0.3750  1.071 0.1044 0.1332  0.000 0.0000 0.0000  0.000  0.000  0.0000          
 1.96612E+09  1.133  3.711  3.300  7.639  4.470  0.982 1.39E-4 1.24E-3 0.0000 0.3052  1.135 0.1091 0.1323  0.000 0.0000 0.0000  0.000  0.000  0.0000          
 1.96992E+09  1.193  3.708  3.229  7.650  4.540  0.982 1.39E-4 1.24E-3 0.0000 0.2514  1.193 0.1132 0.1323  0.000 0.0000 0.0000  0.000  0.000  0.0000          
 1.97409E+09  1.260  3.705  3.150  7.662  4.611  0.982 1.39E-4 1.24E-3 0.0000 0.2157  1.259 0.1174 0.1332  0.000 0.0000 0.0000  0.000  0.000  0.0000          
 1.97837E+09  1.330  3.702  3.068  7.672  4.679  0.982 1.39E-4 1.24E-3 0.0000 0.1944  1.328 0.1212 0.1344  0.000 0.0000 0.0000  0.000  0.000  0.0000          
 1.98237E+09  1.396  3.699  2.990  7.680  4.739  0.982 1.39E-4 1.24E-3 0.0000 0.1836  1.393 0.1254 0.1360  0.000 0.0000 0.0000  0.000  0.000  0.0000          
 1.98596E+09  1.457  3.696  2.916  7.688  4.791  0.982 1.39E-4 1.24E-3 0.0000 0.1770  1.454 0.1285 0.1379  0.000 0.0000 0.0000  0.000  0.000  0.0000          
 1.98990E+09  1.520  3.693  2.840  7.696  4.847  0.982 1.39E-4 1.24E-3 0.0000 0.1720  1.517 0.1319 0.1403  0.000 0.0000 0.0000  0.000  0.000  0.0000          
 1.99319E+09  1.579  3.690  2.770  7.702  4.892  0.982 1.39E-4 1.24E-3 0.0000 0.1685  1.576 0.1353 0.1426  0.000 0.0000 0.0000  0.000  0.000  0.0000          
 1.99665E+09  1.641  3.687  2.696  7.710  4.940  0.982 1.39E-4 1.24E-3 0.0000 0.1671  1.638 0.1389 0.1453  0.000 0.0000 0.0000  0.000  0.000  0.0000          
 1.99995E+09  1.701  3.684  2.623  7.717  4.985  0.982 1.39E-4 1.24E-3 0.0000 0.1669  1.700 0.1427 0.1482  0.000 0.0000 0.0000  0.000  0.000  0.0000          
 2.00302E+09  1.760  3.681  2.551  7.723  5.027  0.982 1.39E-4 1.24E-3 0.0000 0.1669  1.757 0.1463 0.1512  0.000 0.0000 0.0000  0.000  0.000  0.0000          
 2.00642E+09  1.819  3.677  2.478  7.731  5.073  0.982 1.39E-4 1.24E-3 0.0000 0.1669  1.816 0.1506 0.1548  0.000 0.0000 0.0000  0.000  0.000  0.0000          
 2.01000E+09  1.878  3.673  2.405  7.740  5.123  0.982 1.39E-4 1.24E-3 0.0000 0.1669  1.874 0.1553 0.1589  0.000 0.0000 0.0000  0.000 -2.122  0.0000          
 2.01242E+09  1.898  3.672  2.380  7.747  5.157  0.982 1.39E-4 1.24E-3 0.0000 0.1669  1.894 0.1587 0.1619  0.000 0.0000 0.0000  0.000 -2.102  0.0000  L-M     
 2.01540E+09  1.837  3.676  2.457  7.753  5.198  0.982 1.39E-4 1.24E-3 0.0000 0.1669  1.830 0.1625 0.1652  0.000 0.0000 0.0000  0.000 -2.163  0.0000          
 2.01664E+09  1.775  3.681  2.536  7.756  5.214  0.982 1.39E-4 1.24E-3 0.0000 0.1669  1.768 0.1637 0.1663  0.000 0.0000 0.0000  0.000 -2.225  0.0000          
 2.01771E+09  1.716  3.684  2.608  7.757  5.227  0.982 1.39E-4 1.24E-3 0.0000 0.1669  1.710 0.1646 0.1670  0.000 0.0000 0.0000  0.000 -1.983  0.0000          
 2.01884E+09  1.659  3.687  2.679  7.757  5.239  0.982 1.39E-4 1.24E-3 0.0000 0.1674  1.652 0.1655 0.1678  0.000 0.0000 0.0000  0.000 -2.040  0.0000  L-m     
 2.02184E+09  1.720  3.684  2.604  7.754  5.265  0.982 1.39E-4 1.24E-3 0.0000 0.1688  1.717 0.1671 0.1690  0.000 0.0000 0.0000  0.000 -1.979  0.0000          
 2.02533E+09  1.778  3.681  2.533  7.749  5.294  0.982 1.39E-4 1.24E-3 0.0000 0.1705  1.777 0.1690 0.1707  0.000 0.0000 0.0000  0.000 -1.920  0.0000          
 2.02862E+09  1.837  3.677  2.459  7.744  5.320  0.982 1.39E-4 1.24E-3 0.0000 0.1723  1.837 0.1709 0.1725  0.000 0.0000 0.0000  0.000 -1.861  0.0000          
 2.03191E+09  1.898  3.673  2.383  7.739  5.347  0.982 1.39E-4 1.24E-3 0.0000 0.1744  1.897 0.1732 0.1746  0.000 0.0000 0.0000  0.000 -2.102  0.0000          
 2.03550E+09  1.968  3.669  2.297  7.735  5.376  0.982 1.39E-4 1.24E-3 0.0000 0.1771  1.966 0.1760 0.1773  0.000 0.0000 0.0000  0.000 -2.032  0.0000          
 2.03869E+09  2.028  3.665  2.221  7.733  5.402  0.982 1.39E-4 1.24E-3 0.0000 0.1800  2.026 0.1789 0.1801  0.000 0.0000 0.0000  0.000 -1.972  0.0000          
 2.04139E+09  2.095  3.661  2.137  7.732  5.426  0.982 1.39E-4 1.24E-3 0.0000 0.1828  2.093 0.1817 0.1828  0.000 0.0000 0.0000  0.000 -1.905  0.0000          
 2.04411E+09  2.160  3.656  2.052  7.733  5.451  0.982 1.39E-4 1.24E-3 0.0000 0.1860  2.158 0.1850 0.1861  0.000 0.0000 0.0000  0.000 -1.840  0.0000          
 2.04644E+09  2.225  3.653  1.976  7.735  5.474  0.982 1.39E-4 1.24E-3 0.0000 0.1893  2.223 0.1884 0.1893  0.000 0.0000 0.0000  0.000 -1.775  0.0000          
 2.04845E+09  2.284  3.649  1.903  7.738  5.496  0.982 1.39E-4 1.24E-3 0.0000 0.1925  2.281 0.1916 0.1926  0.000 0.0000 0.0000  0.000 -1.716  0.0000          
 2.05019E+09  2.342  3.645  1.829  7.742  5.517  0.982 1.39E-4 1.24E-3 0.0000 0.1957  2.339 0.1949 0.1958  0.000 0.0000 0.0000  0.000 -1.658  0.0000          
 2.05193E+09  2.406  3.641  1.748  7.747  5.540  0.982 1.39E-4 1.24E-3 0.0000 0.1994  2.403 0.1987 0.1995  0.000 0.0000 0.0000  0.000 -1.594  0.0000          
 2.05341E+09  2.464  3.637  1.674  7.753  5.561  0.982 1.39E-4 1.24E-3 0.0000 0.2031  2.462 0.2024 0.2031  0.000 0.0000 0.0000  0.000 -1.536  0.0000          
 2.05470E+09  2.522  3.633  1.599  7.759  5.582  0.982 1.39E-4 1.24E-3 0.0000 0.2067  2.520 0.2061 0.2068  0.000 0.0000 0.0000  0.000 -1.478  0.0000          
 2.05597E+09  2.585  3.629  1.520  7.767  5.604  0.982 1.39E-4 1.24E-3 0.0000 0.2108  2.583 0.2102 0.2109  0.000 0.0000 0.0000  0.000 -1.415  0.0000          
 2.05707E+09  2.646  3.625  1.442  7.775  5.626  0.982 1.39E-4 1.24E-3 0.0000 0.2150  2.643 0.2144 0.2150  0.000 0.0000 0.0000  0.000 -1.354  0.0055          
 2.05813E+09  2.708  3.620  1.360  7.783  5.649  0.982 1.39E-4 1.24E-3 0.0000 0.2195  2.706 0.2190 0.2196  0.000 0.0000 0.0000  0.000 -1.292  0.0159          
 2.05904E+09  2.768  3.616  1.285  7.792  5.671  0.982 1.39E-4 1.24E-3 0.0000 0.2241  2.765 0.2236 0.2241  0.000 0.0000 0.0000  0.000 -1.232  0.0289          
 2.05984E+09  2.828  3.611  1.206  7.801  5.693  0.982 1.39E-4 1.24E-3 0.0000 0.2286  2.825 0.2281 0.2287  0.000 0.0000 0.0000  0.000 -1.172  0.0428          
 2.06060E+09  2.887  3.606  1.126  7.811  5.716  0.982 1.39E-4 1.24E-3 0.0000 0.2336  2.884 0.2332 0.2337  0.000 0.0000 0.0000  0.000 -0.812  0.0534          
 2.06127E+09  2.946  3.602  1.049  7.821  5.739  0.982 1.39E-4 1.24E-3 0.0000 0.2386  2.943 0.2382 0.2387  0.000 0.0000 0.0000  0.000 -0.753  0.0649          
 2.06191E+09  3.005  3.596  0.969  7.831  5.763  0.982 1.39E-4 1.24E-3 0.0000 0.2440  2.998 0.2436 0.2441  0.000 0.0000 0.0000  0.000 -0.694  0.0766          
 2.06255E+09  3.067  3.591  0.888  7.844  5.791  0.982 1.39E-4 1.24E-3 0.0000 0.2504  3.057 0.2501 0.2504  0.000 0.0000 0.0000  0.000 -0.632  0.0881          
 2.06310E+09  3.131  3.586  0.802  7.855  5.818  0.982 1.39E-4 1.24E-3 0.0000 0.2566  3.108 0.2564 0.2567  0.000 0.0000 0.0000  0.000 -0.568  0.0948          
 2.06359E+09  3.188  3.581  0.726  7.867  5.844  0.982 1.39E-4 1.24E-3 0.0000 0.2629  3.161 0.2626 0.2629  0.000 0.0000 0.0000  0.000 -0.511  0.1039          
 2.06404E+09  3.248  3.577  0.648  7.879  5.872  0.982 1.39E-4 1.24E-3 0.0000 0.2696  3.221 0.2693 0.2696  0.000 0.0000 0.0000  0.000 -0.275  0.1091          
 2.06447E+09  3.305  3.572  0.572  7.890  5.900  0.982 1.39E-4 1.24E-3 0.0000 0.2765  3.276 0.2763 0.2765 -0.695 0.0000 0.1379  0.000 -0.218  0.1146          
 2.06486E+09  3.360  3.568  0.500  7.897  5.920  0.982 1.39E-4 1.24E-3 0.0000 0.2844  3.357 0.2842 0.2844  3.068 0.0000 0.0798  0.000 -0.038  0.0424  F       
