 age/yr       logL   logTef grav   logTc  logrho Xc,Yc Xc_C    Xc_O    Q_conv Q_disc  logL_H Q1_H  Q2_H    logL_He Q1_He Q2_He  logL_C logL_nu Q_Tmax stage
 0.00000E+00  1.293  3.988  4.344  7.341  1.860  0.707 1.41E-5 1.27E-2 0.1970 0.0000  1.269 0.0000 0.5077  0.000 0.0000 0.0000  0.000  0.000  0.0000  M=  2.00                
 1.48161E+07  1.274  3.985  4.351  7.343  1.854  0.699 1.49E-5 1.17E-2 0.2143 0.3354  1.275 0.0000 0.5501  0.000 0.0000 0.0000  0.000  0.000  0.0000          
 2.45424E+08  1.306  3.964  4.235  7.339  1.819  0.598 4.10E-5 6.32E-3 0.2031 0.5821  1.307 0.0000 0.5206  0.000 0.0000 0.0000  0.000  0.000  0.0000          
 4.38928E+08  1.343  3.948  4.132  7.345  1.816  0.499 5.67E-5 4.18E-3 0.1919 0.6327  1.344 0.0000 0.4667  0.000 0.0000 0.0000  0.000  0.000  0.0000          
 6.00885E+08  1.379  3.929  4.020  7.354  1.827  0.397 6.84E-5 2.90E-3 0.1723 0.6525  1.380 0.0000 0.4017  0.000 0.0000 0.0000  0.000  0.000  0.0000          
 7.33024E+08  1.406  3.907  3.904  7.365  1.849  0.299 7.74E-5 2.11E-3 0.1516 0.6608  1.407 0.0000 0.3280  0.000 0.0000 0.0000  0.000  0.000  0.0000          
 8.40773E+08  1.424  3.879  3.774  7.378  1.885  0.197 8.58E-5 1.57E-3 0.1299 0.6608  1.425 0.0000 0.2625  0.000 0.0000 0.0000  0.000  0.000  0.0000          
 9.28459E+08  1.432  3.847  3.640  7.397  1.947  0.100 9.52E-5 1.21E-3 0.1075 0.6608  1.433 0.0000 0.1478  0.000 0.0000 0.0000  0.000  0.000  0.0000          
 9.65588E+08  1.437  3.833  3.582  7.415  2.003  0.050 1.03E-4 1.08E-3 0.0968 0.6608  1.438 0.0000 0.1143  0.000 0.0000 0.0000  0.000  0.000  0.0000          
 9.76532E+08  1.443  3.832  3.569  7.424  2.032  0.034 1.07E-4 1.03E-3 0.0927 0.6608  1.443 0.0000 0.1276  0.000 0.0000 0.0000  0.000  0.000  0.0000  Te-m    
 9.91808E+08  1.471  3.840  3.576  7.454  2.121  0.010 1.20E-4 9.68E-4 0.0873 0.6608  1.467 0.0000 0.1733  0.000 0.0000 0.0000  0.000  0.000  0.0000          
 9.97044E+08  1.546  3.876  3.645  7.505  2.292  0.001 1.42E-4 9.41E-4 0.0751 0.6608  1.493 0.0000 0.3470  0.000 0.0000 0.0000  0.000  0.000  0.0000          
 9.97533E+08  1.584  3.891  3.664  7.525  2.427  0.000 1.52E-4 9.38E-4 0.0511 0.6608  1.482 0.0000 0.4300  0.000 0.0000 0.0000  0.000  0.000  0.0000          
 9.97651E+08  1.588  3.893  3.669  7.522  2.519  0.000 1.54E-4 9.37E-4 0.0240 0.6608  1.538 0.0000 0.4596  0.000 0.0000 0.0000  0.000  0.000  0.0000  Te-h    
 9.97823E+08  1.554  3.886  3.676  7.481  2.690  0.000 1.56E-4 9.37E-4 0.0000 0.6608  1.631 0.0000 0.4450  0.000 0.0000 0.0000  0.000  0.000  0.0000  Xc=0    
 9.98005E+08  1.525  3.872  3.647  7.467  2.793  0.982 1.56E-4 9.37E-4 0.0000 0.6608  1.606 0.0034 0.4223  0.000 0.0000 0.0000  0.000  0.000  0.0000          
 9.98298E+08  1.538  3.855  3.570  7.460  2.900  0.982 1.56E-4 9.37E-4 0.0000 0.6608  1.597 0.0086 0.3804  0.000 0.0000 0.0000  0.000  0.000  0.0000          
 9.98758E+08  1.549  3.839  3.493  7.454  3.008  0.982 1.56E-4 9.37E-4 0.0000 0.6608  1.588 0.0147 0.3129  0.000 0.0000 0.0000  0.000  0.000  0.0000          
 9.99458E+08  1.548  3.822  3.427  7.452  3.117  0.982 1.56E-4 9.37E-4 0.0000 0.6608  1.575 0.0236 0.2747  0.000 0.0000 0.0000  0.000  0.000  0.0000          
 1.00045E+09  1.539  3.807  3.376  7.454  3.228  0.982 1.56E-4 9.37E-4 0.0000 0.6608  1.561 0.0322 0.2560  0.000 0.0000 0.0000  0.000  0.000  0.0000          
 1.00207E+09  1.516  3.792  3.336  7.468  3.373  0.982 1.56E-4 9.37E-4 0.0000 0.6608  1.538 0.0441 0.2335  0.000 0.0000 0.0000  0.000  0.000  0.0000          
 1.00387E+09  1.473  3.776  3.317  7.494  3.522  0.982 1.56E-4 9.37E-4 0.0000 0.6608  1.504 0.0574 0.1970  0.000 0.0000 0.0000  0.000  0.000  0.0000          
 1.00529E+09  1.418  3.763  3.320  7.523  3.644  0.982 1.56E-4 9.37E-4 0.0000 0.6608  1.462 0.0676 0.1754  0.000 0.0000 0.0000  0.000  0.000  0.0000          
 1.00630E+09  1.366  3.753  3.333  7.548  3.735  0.982 1.56E-4 9.37E-4 0.0000 0.6608  1.422 0.0736 0.1628  0.000 0.0000 0.0000  0.000  0.000  0.0000          
 1.00728E+09  1.319  3.744  3.342  7.574  3.826  0.982 1.56E-4 9.37E-4 0.0000 0.6608  1.382 0.0796 0.1527  0.000 0.0000 0.0000  0.000  0.000  0.0000          
 1.00858E+09  1.292  3.732  3.322  7.609  3.945  0.982 1.56E-4 9.37E-4 0.0000 0.6608  1.346 0.0851 0.1425  0.000 0.0000 0.0000  0.000  0.000  0.0000  Brg     
 1.01030E+09  1.336  3.721  3.236  7.651  4.092  0.982 1.56E-4 9.37E-4 0.0000 0.5664  1.362 0.0922 0.1348  0.000 0.0000 0.0000  0.000  0.000  0.0000          
 1.01165E+09  1.400  3.716  3.148  7.679  4.197  0.982 1.56E-4 9.37E-4 0.0000 0.4070  1.412 0.0976 0.1317  0.000 0.0000 0.0000  0.000  0.000  0.0000          
 1.01278E+09  1.460  3.711  3.072  7.700  4.279  0.982 1.56E-4 9.37E-4 0.0000 0.3412  1.465 0.1022 0.1303  0.000 0.0000 0.0000  0.000  0.000  0.0000          
 1.01424E+09  1.541  3.707  2.973  7.726  4.379  0.982 1.56E-4 9.37E-4 0.0000 0.2625  1.541 0.1068 0.1296  0.000 0.0000 0.0000  0.000  0.000  0.0000          
 1.01546E+09  1.611  3.703  2.887  7.746  4.456  0.982 1.56E-4 9.37E-4 0.0000 0.2303  1.609 0.1109 0.1296  0.000 0.0000 0.0000  0.000  0.000  0.0000          
 1.01670E+09  1.682  3.699  2.799  7.765  4.530  0.982 1.56E-4 9.37E-4 0.0000 0.2052  1.678 0.1144 0.1303  0.000 0.0000 0.0000  0.000  0.000  0.0000          
 1.01797E+09  1.753  3.695  2.712  7.783  4.603  0.982 1.56E-4 9.37E-4 0.0000 0.1858  1.749 0.1182 0.1314  0.000 0.0000 0.0000  0.000  0.000  0.0000          
 1.01918E+09  1.822  3.691  2.627  7.800  4.670  0.982 1.56E-4 9.37E-4 0.0000 0.1738  1.817 0.1217 0.1327  0.000 0.0000 0.0000  0.000  0.000  0.0000          
 1.02031E+09  1.887  3.687  2.547  7.815  4.730  0.982 1.56E-4 9.37E-4 0.0000 0.1660  1.882 0.1253 0.1343  0.000 0.0000 0.0000  0.000  0.000  0.0000          
 1.02138E+09  1.951  3.683  2.468  7.828  4.787  0.982 1.56E-4 9.37E-4 0.0000 0.1616  1.945 0.1281 0.1362  0.000 0.0000 0.0000  0.000  0.000  0.0000          
 1.02239E+09  2.013  3.680  2.392  7.841  4.839  0.982 1.56E-4 9.37E-4 0.0000 0.1592  2.007 0.1312 0.1382  0.000 0.0000 0.0000  0.000  0.000  0.0000          
 1.02333E+09  2.074  3.676  2.315  7.852  4.886  0.982 1.56E-4 9.37E-4 0.0000 0.1582  2.069 0.1338 0.1402  0.000 0.0000 0.0000  0.000  0.000  0.0000          
 1.02425E+09  2.135  3.671  2.236  7.862  4.932  0.982 1.56E-4 9.37E-4 0.0000 0.1577  2.130 0.1369 0.1425  0.000 0.0000 0.0000  0.000  0.000  0.0000          
 1.02516E+09  2.196  3.667  2.158  7.872  4.979  0.982 1.56E-4 9.37E-4 0.0000 0.1577  2.191 0.1401 0.1450  0.000 0.0000 0.0000  0.000  0.000  0.0000          
 1.02613E+09  2.255  3.663  2.083  7.883  5.028  0.982 1.56E-4 9.37E-4 0.0000 0.1577  2.250 0.1438 0.1480  0.000 0.0000 0.0000  0.000 -1.745  0.0000          
 1.02739E+09  2.314  3.659  2.008  7.898  5.093  0.982 1.56E-4 9.37E-4 0.0000 0.1577  2.308 0.1487 0.1522  0.000 0.0000 0.0000  0.000 -1.686  0.0000          
 1.02770E+09  2.313  3.659  2.009  7.901  5.109  0.982 1.56E-4 9.37E-4 0.0000 0.1577  2.305 0.1500 0.1533  0.000 0.0000 0.0000  0.000 -1.687  0.0000  L-M     
 1.02855E+09  2.255  3.663  2.083  7.910  5.153  0.982 1.59E-4 9.37E-4 0.0000 0.1577  2.246 0.1531 0.1559  0.000 0.0000 0.0000  0.000 -1.745  0.0000          
 1.02886E+09  2.188  3.668  2.169  7.913  5.168  0.982 1.62E-4 9.37E-4 0.0000 0.1577  2.175 0.1540 0.1567  0.000 0.0000 0.0000  0.000 -1.812  0.0000          
 1.02914E+09  2.125  3.673  2.251  7.915  5.181  0.982 1.66E-4 9.37E-4 0.0000 0.1577  2.112 0.1547 0.1572  0.000 0.0000 0.0000  0.000 -1.574  0.0000          
 1.02939E+09  2.063  3.677  2.332  7.917  5.193  0.982 1.71E-4 9.37E-4 0.0000 0.1577  2.047 0.1553 0.1579  0.000 0.0000 0.0000  0.000 -1.636  0.0000          
 1.02968E+09  2.001  3.681  2.409  7.918  5.205  0.982 1.77E-4 9.37E-4 0.0000 0.1577  1.985 0.1558 0.1584  0.000 0.0000 0.0000  0.000 -1.522  0.0000          
 1.03001E+09  1.942  3.685  2.482  7.919  5.218  0.982 1.87E-4 9.37E-4 0.0000 0.1582  1.921 0.1564 0.1590  0.000 0.0000 0.0000  0.000 -1.581  0.0000          
 1.03010E+09  1.930  3.685  2.498  7.920  5.222  0.982 1.90E-4 9.37E-4 0.0000 0.1583  1.906 0.1565 0.1587  0.000 0.0000 0.0000  0.000 -1.468  0.0000  L-m     
 1.03084E+09  1.990  3.682  2.422  7.919  5.245  0.982 2.15E-4 9.37E-4 0.0000 0.1589  1.986 0.1573 0.1590  0.000 0.0000 0.0000  0.000 -1.533  0.0000          
 1.03212E+09  2.054  3.678  2.344  7.916  5.283  0.982 2.58E-4 9.38E-4 0.0000 0.1598  2.051 0.1584 0.1599  0.000 0.0000 0.0000  0.000 -1.469  0.0000          
 1.03336E+09  2.115  3.674  2.266  7.912  5.316  0.982 2.92E-4 9.38E-4 0.0000 0.1607  2.112 0.1596 0.1609  0.000 0.0000 0.0000  0.000 -1.408  0.0000          
 1.03467E+09  2.174  3.669  2.189  7.909  5.349  0.982 3.22E-4 9.38E-4 0.0000 0.1620  2.171 0.1609 0.1621  0.000 0.0000 0.0000  0.000 -1.349  0.0000          
 1.03599E+09  2.233  3.665  2.114  7.905  5.382  0.982 3.45E-4 9.39E-4 0.0000 0.1635  2.230 0.1625 0.1636  0.000 0.0000 0.0000  0.000 -1.289  0.0000          
 1.03717E+09  2.291  3.661  2.039  7.902  5.409  0.982 3.47E-4 9.39E-4 0.0000 0.1650  2.289 0.1642 0.1651  0.000 0.0000 0.0000  0.000 -1.232  0.0000          
 1.03840E+09  2.351  3.657  1.964  7.899  5.438  0.982 3.47E-4 9.39E-4 0.0000 0.1669  2.348 0.1661 0.1670  0.000 0.0000 0.0000  0.000 -1.172  0.0000          
 1.03969E+09  2.415  3.653  1.884  7.897  5.469  0.982 3.47E-4 9.39E-4 0.0000 0.1691  2.412 0.1684 0.1692  0.000 0.0000 0.0000  0.000 -1.108  0.0000          
 1.04098E+09  2.484  3.649  1.797  7.896  5.500  0.982 3.47E-4 9.39E-4 0.0000 0.1718  2.481 0.1711 0.1718  0.000 0.0000 0.0000  0.000 -1.039  0.0000          
 1.04208E+09  2.546  3.644  1.717  7.896  5.527  0.982 3.47E-4 9.39E-4 0.0000 0.1743  2.544 0.1737 0.1744  0.000 0.0000 0.0000  0.000 -0.976  0.0000          
 1.04316E+09  2.612  3.639  1.632  7.897  5.556  0.982 3.47E-4 9.39E-4 0.0000 0.1773  2.609 0.1767 0.1773  0.000 0.0000 0.0000  0.000 -0.911  0.0000          
 1.04408E+09  2.672  3.635  1.555  7.898  5.582  0.982 3.47E-4 9.39E-4 0.0000 0.1802  2.669 0.1797 0.1803  0.000 0.0000 0.0000  0.000 -0.851  0.0000          
 1.04498E+09  2.736  3.630  1.471  7.901  5.609  0.982 3.47E-4 9.39E-4 0.0000 0.1835  2.733 0.1830 0.1835  0.000 0.0000 0.0000  0.000 -0.787  0.0000          
 1.04576E+09  2.794  3.626  1.396  7.904  5.635  0.982 3.47E-4 9.39E-4 0.0000 0.1868  2.791 0.1863 0.1868  0.000 0.0000 0.0000  0.000 -0.729  0.0000          
 1.04650E+09  2.854  3.621  1.317  7.911  5.660  0.982 3.57E-4 9.39E-4 0.0000 0.1903  2.851 0.1899 0.1904  0.000 0.0000 0.0144  0.000 -0.669  0.0000          
 1.04713E+09  2.910  3.616  1.241  7.924  5.684  0.982 3.83E-4 9.39E-4 0.0000 0.1938  2.907 0.1934 0.1939 -1.090 0.0000 0.0318  0.000 -0.613  0.0000          
 1.04745E+09  2.939  3.615  1.205  8.107  5.610  0.980 1.88E-3 9.38E-4 0.0827 0.1958  2.819 0.1954 0.1959  5.348 0.0000 0.0254  0.000 -0.283  0.0000  F       
